s	cc	g	d	igcell	fee	db	pmt
0	0	0	0	0	21	1	16
0	0	0	1	1	21	1	15
0	0	0	2	2	21	1	13
0	0	0	3	3	21	1	12
0	0	0	4	4	21	1	10
0	0	0	5	5	21	1	9
0	0	0	6	6	21	2	16
0	0	0	7	7	21	2	15
0	0	0	8	8	21	2	13
0	0	1	0	9	21	1	4
0	0	1	1	10	21	1	2
0	0	1	2	11	21	1	1
0	0	1	3	12	21	1	8
0	0	1	4	13	21	1	7
0	0	1	5	14	21	1	5
0	0	1	6	15	21	2	4
0	0	1	7	16	21	2	2
0	0	1	8	17	21	2	1
0	0	2	0	18	21	2	9
0	0	2	1	19	21	2	10
0	0	2	2	20	21	2	12
0	0	2	3	21	21	3	13
0	0	2	4	22	21	3	15
0	0	2	5	23	21	3	16
0	0	2	6	24	21	3	9
0	0	2	7	25	21	3	10
0	0	2	8	26	21	3	12
0	0	3	0	27	21	2	5
0	0	3	1	28	21	2	7
0	0	3	2	29	21	2	8
0	0	3	3	30	21	3	1
0	0	3	4	31	21	3	2
0	0	3	5	32	21	3	4
0	0	3	6	33	21	3	5
0	0	3	7	34	21	3	7
0	0	3	8	35	21	3	8
0	1	0	0	36	16	3	8
0	1	0	1	37	16	3	7
0	1	0	2	38	16	3	5
0	1	0	3	39	16	3	4
0	1	0	4	40	16	3	2
0	1	0	5	41	16	3	1
0	1	0	6	42	16	2	8
0	1	0	7	43	16	2	7
0	1	0	8	44	16	2	5
0	1	1	0	45	16	3	12
0	1	1	1	46	16	3	10
0	1	1	2	47	16	3	9
0	1	1	3	48	16	3	16
0	1	1	4	49	16	3	15
0	1	1	5	50	16	3	13
0	1	1	6	51	16	2	12
0	1	1	7	52	16	2	10
0	1	1	8	53	16	2	9
0	1	2	0	54	16	2	1
0	1	2	1	55	16	2	2
0	1	2	2	56	16	2	4
0	1	2	3	57	16	1	5
0	1	2	4	58	16	1	7
0	1	2	5	59	16	1	8
0	1	2	6	60	16	1	1
0	1	2	7	61	16	1	2
0	1	2	8	62	16	1	4
0	1	3	0	63	16	2	13
0	1	3	1	64	16	2	15
0	1	3	2	65	16	2	16
0	1	3	3	66	16	1	9
0	1	3	4	67	16	1	10
0	1	3	5	68	16	1	12
0	1	3	6	69	16	1	13
0	1	3	7	70	16	1	15
0	1	3	8	71	16	1	16
0	2	0	0	72	11	1	16
0	2	0	1	73	11	1	15
0	2	0	2	74	11	1	13
0	2	0	3	75	11	1	12
0	2	0	4	76	11	1	10
0	2	0	5	77	11	1	9
0	2	0	6	78	11	2	16
0	2	0	7	79	11	2	15
0	2	0	8	80	11	2	13
0	2	1	0	81	11	1	4
0	2	1	1	82	11	1	2
0	2	1	2	83	11	1	1
0	2	1	3	84	11	1	8
0	2	1	4	85	11	1	7
0	2	1	5	86	11	1	5
0	2	1	6	87	11	2	4
0	2	1	7	88	11	2	2
0	2	1	8	89	11	2	1
0	2	2	0	90	11	2	9
0	2	2	1	91	11	2	10
0	2	2	2	92	11	2	12
0	2	2	3	93	11	3	13
0	2	2	4	94	11	3	15
0	2	2	5	95	11	3	16
0	2	2	6	96	11	3	9
0	2	2	7	97	11	3	10
0	2	2	8	98	11	3	12
0	2	3	0	99	11	2	5
0	2	3	1	100	11	2	7
0	2	3	2	101	11	2	8
0	2	3	3	102	11	3	1
0	2	3	4	103	11	3	2
0	2	3	5	104	11	3	4
0	2	3	6	105	11	3	5
0	2	3	7	106	11	3	7
0	2	3	8	107	11	3	8
0	3	0	0	108	6	1	16
0	3	0	1	109	6	1	15
0	3	0	2	110	6	1	13
0	3	0	3	111	6	1	12
0	3	0	4	112	6	1	10
0	3	0	5	113	6	1	9
0	3	0	6	114	6	2	16
0	3	0	7	115	6	2	15
0	3	0	8	116	6	2	13
0	3	1	0	117	6	1	4
0	3	1	1	118	6	1	2
0	3	1	2	119	6	1	1
0	3	1	3	120	6	1	8
0	3	1	4	121	6	1	7
0	3	1	5	122	6	1	5
0	3	1	6	123	6	2	4
0	3	1	7	124	6	2	2
0	3	1	8	125	6	2	1
0	3	2	0	126	6	2	9
0	3	2	1	127	6	2	10
0	3	2	2	128	6	2	12
0	3	2	3	129	6	3	13
0	3	2	4	130	6	3	15
0	3	2	5	131	6	3	16
0	3	2	6	132	6	3	9
0	3	2	7	133	6	3	10
0	3	2	8	134	6	3	12
0	3	3	0	135	6	2	5
0	3	3	1	136	6	2	7
0	3	3	2	137	6	2	8
0	3	3	3	138	6	3	1
0	3	3	4	139	6	3	2
0	3	3	5	140	6	3	4
0	3	3	6	141	6	3	5
0	3	3	7	142	6	3	7
0	3	3	8	143	6	3	8
0	4	0	0	144	1	3	8
0	4	0	1	145	1	3	7
0	4	0	2	146	1	3	5
0	4	0	3	147	1	3	4
0	4	0	4	148	1	3	2
0	4	0	5	149	1	3	1
0	4	0	6	150	1	2	8
0	4	0	7	151	1	2	7
0	4	0	8	152	1	2	5
0	4	1	0	153	1	3	12
0	4	1	1	154	1	3	10
0	4	1	2	155	1	3	9
0	4	1	3	156	1	3	16
0	4	1	4	157	1	3	15
0	4	1	5	158	1	3	13
0	4	1	6	159	1	2	12
0	4	1	7	160	1	2	10
0	4	1	8	161	1	2	9
0	4	2	0	162	1	2	1
0	4	2	1	163	1	2	2
0	4	2	2	164	1	2	4
0	4	2	3	165	1	1	5
0	4	2	4	166	1	1	7
0	4	2	5	167	1	1	8
0	4	2	6	168	1	1	1
0	4	2	7	169	1	1	2
0	4	2	8	170	1	1	4
0	4	3	0	171	1	2	13
0	4	3	1	172	1	2	15
0	4	3	2	173	1	2	16
0	4	3	3	174	1	1	9
0	4	3	4	175	1	1	10
0	4	3	5	176	1	1	12
0	4	3	6	177	1	1	13
0	4	3	7	178	1	1	15
0	4	3	8	179	1	1	16
0	5	0	0	180	22	1	16
0	5	0	1	181	22	1	15
0	5	0	2	182	22	1	13
0	5	0	3	183	22	1	12
0	5	0	4	184	22	1	10
0	5	0	5	185	22	1	9
0	5	0	6	186	22	2	16
0	5	0	7	187	22	2	15
0	5	0	8	188	22	2	13
0	5	1	0	189	22	1	4
0	5	1	1	190	22	1	2
0	5	1	2	191	22	1	1
0	5	1	3	192	22	1	8
0	5	1	4	193	22	1	7
0	5	1	5	194	22	1	5
0	5	1	6	195	22	2	4
0	5	1	7	196	22	2	2
0	5	1	8	197	22	2	1
0	5	2	0	198	22	2	9
0	5	2	1	199	22	2	10
0	5	2	2	200	22	2	12
0	5	2	3	201	22	3	13
0	5	2	4	202	22	3	15
0	5	2	5	203	22	3	16
0	5	2	6	204	22	3	9
0	5	2	7	205	22	3	10
0	5	2	8	206	22	3	12
0	5	3	0	207	22	2	5
0	5	3	1	208	22	2	7
0	5	3	2	209	22	2	8
0	5	3	3	210	22	3	1
0	5	3	4	211	22	3	2
0	5	3	5	212	22	3	4
0	5	3	6	213	22	3	5
0	5	3	7	214	22	3	7
0	5	3	8	215	22	3	8
0	6	0	0	216	17	3	8
0	6	0	1	217	17	3	7
0	6	0	2	218	17	3	5
0	6	0	3	219	17	3	4
0	6	0	4	220	17	3	2
0	6	0	5	221	17	3	1
0	6	0	6	222	17	2	8
0	6	0	7	223	17	2	7
0	6	0	8	224	17	2	5
0	6	1	0	225	17	3	12
0	6	1	1	226	17	3	10
0	6	1	2	227	17	3	9
0	6	1	3	228	17	3	16
0	6	1	4	229	17	3	15
0	6	1	5	230	17	3	13
0	6	1	6	231	17	2	12
0	6	1	7	232	17	2	10
0	6	1	8	233	17	2	9
0	6	2	0	234	17	2	1
0	6	2	1	235	17	2	2
0	6	2	2	236	17	2	4
0	6	2	3	237	17	1	5
0	6	2	4	238	17	1	7
0	6	2	5	239	17	1	8
0	6	2	6	240	17	1	1
0	6	2	7	241	17	1	2
0	6	2	8	242	17	1	4
0	6	3	0	243	17	2	13
0	6	3	1	244	17	2	15
0	6	3	2	245	17	2	16
0	6	3	3	246	17	1	9
0	6	3	4	247	17	1	10
0	6	3	5	248	17	1	12
0	6	3	6	249	17	1	13
0	6	3	7	250	17	1	15
0	6	3	8	251	17	1	16
0	7	0	0	252	12	1	16
0	7	0	1	253	12	1	15
0	7	0	2	254	12	1	13
0	7	0	3	255	12	1	12
0	7	0	4	256	12	1	10
0	7	0	5	257	12	1	9
0	7	0	6	258	12	2	16
0	7	0	7	259	12	2	15
0	7	0	8	260	12	2	13
0	7	1	0	261	12	1	4
0	7	1	1	262	12	1	2
0	7	1	2	263	12	1	1
0	7	1	3	264	12	1	8
0	7	1	4	265	12	1	7
0	7	1	5	266	12	1	5
0	7	1	6	267	12	2	4
0	7	1	7	268	12	2	2
0	7	1	8	269	12	2	1
0	7	2	0	270	12	2	9
0	7	2	1	271	12	2	10
0	7	2	2	272	12	2	12
0	7	2	3	273	12	3	13
0	7	2	4	274	12	3	15
0	7	2	5	275	12	3	16
0	7	2	6	276	12	3	9
0	7	2	7	277	12	3	10
0	7	2	8	278	12	3	12
0	7	3	0	279	12	2	5
0	7	3	1	280	12	2	7
0	7	3	2	281	12	2	8
0	7	3	3	282	12	3	1
0	7	3	4	283	12	3	2
0	7	3	5	284	12	3	4
0	7	3	6	285	12	3	5
0	7	3	7	286	12	3	7
0	7	3	8	287	12	3	8
0	8	0	0	288	7	3	8
0	8	0	1	289	7	3	7
0	8	0	2	290	7	3	5
0	8	0	3	291	7	3	4
0	8	0	4	292	7	3	2
0	8	0	5	293	7	3	1
0	8	0	6	294	7	2	8
0	8	0	7	295	7	2	7
0	8	0	8	296	7	2	5
0	8	1	0	297	7	3	12
0	8	1	1	298	7	3	10
0	8	1	2	299	7	3	9
0	8	1	3	300	7	3	16
0	8	1	4	301	7	3	15
0	8	1	5	302	7	3	13
0	8	1	6	303	7	2	12
0	8	1	7	304	7	2	10
0	8	1	8	305	7	2	9
0	8	2	0	306	7	2	1
0	8	2	1	307	7	2	2
0	8	2	2	308	7	2	4
0	8	2	3	309	7	1	5
0	8	2	4	310	7	1	7
0	8	2	5	311	7	1	8
0	8	2	6	312	7	1	1
0	8	2	7	313	7	1	2
0	8	2	8	314	7	1	4
0	8	3	0	315	7	2	13
0	8	3	1	316	7	2	15
0	8	3	2	317	7	2	16
0	8	3	3	318	7	1	9
0	8	3	4	319	7	1	10
0	8	3	5	320	7	1	12
0	8	3	6	321	7	1	13
0	8	3	7	322	7	1	15
0	8	3	8	323	7	1	16
0	9	0	0	324	2	3	8
0	9	0	1	325	2	3	7
0	9	0	2	326	2	3	5
0	9	0	3	327	2	3	4
0	9	0	4	328	2	3	2
0	9	0	5	329	2	3	1
0	9	0	6	330	2	2	8
0	9	0	7	331	2	2	7
0	9	0	8	332	2	2	5
0	9	1	0	333	2	3	12
0	9	1	1	334	2	3	10
0	9	1	2	335	2	3	9
0	9	1	3	336	2	3	16
0	9	1	4	337	2	3	15
0	9	1	5	338	2	3	13
0	9	1	6	339	2	2	12
0	9	1	7	340	2	2	10
0	9	1	8	341	2	2	9
0	9	2	0	342	2	2	1
0	9	2	1	343	2	2	2
0	9	2	2	344	2	2	4
0	9	2	3	345	2	1	5
0	9	2	4	346	2	1	7
0	9	2	5	347	2	1	8
0	9	2	6	348	2	1	1
0	9	2	7	349	2	1	2
0	9	2	8	350	2	1	4
0	9	3	0	351	2	2	13
0	9	3	1	352	2	2	15
0	9	3	2	353	2	2	16
0	9	3	3	354	2	1	9
0	9	3	4	355	2	1	10
0	9	3	5	356	2	1	12
0	9	3	6	357	2	1	13
0	9	3	7	358	2	1	15
0	9	3	8	359	2	1	16
0	10	0	0	360	23	3	8
0	10	0	1	361	23	3	7
0	10	0	2	362	23	3	5
0	10	0	3	363	23	3	4
0	10	0	4	364	23	3	2
0	10	0	5	365	23	3	1
0	10	0	6	366	23	2	8
0	10	0	7	367	23	2	7
0	10	0	8	368	23	2	5
0	10	1	0	369	23	3	12
0	10	1	1	370	23	3	10
0	10	1	2	371	23	3	9
0	10	1	3	372	23	3	16
0	10	1	4	373	23	3	15
0	10	1	5	374	23	3	13
0	10	1	6	375	23	2	12
0	10	1	7	376	23	2	10
0	10	1	8	377	23	2	9
0	10	2	0	378	23	2	1
0	10	2	1	379	23	2	2
0	10	2	2	380	23	2	4
0	10	2	3	381	23	1	5
0	10	2	4	382	23	1	7
0	10	2	5	383	23	1	8
0	10	2	6	384	23	1	1
0	10	2	7	385	23	1	2
0	10	2	8	386	23	1	4
0	10	3	0	387	23	2	13
0	10	3	1	388	23	2	15
0	10	3	2	389	23	2	16
0	10	3	3	390	23	1	9
0	10	3	4	391	23	1	10
0	10	3	5	392	23	1	12
0	10	3	6	393	23	1	13
0	10	3	7	394	23	1	15
0	10	3	8	395	23	1	16
0	11	0	0	396	18	3	8
0	11	0	1	397	18	3	7
0	11	0	2	398	18	3	5
0	11	0	3	399	18	3	4
0	11	0	4	400	18	3	2
0	11	0	5	401	18	3	1
0	11	0	6	402	18	2	8
0	11	0	7	403	18	2	7
0	11	0	8	404	18	2	5
0	11	1	0	405	18	3	12
0	11	1	1	406	18	3	10
0	11	1	2	407	18	3	9
0	11	1	3	408	18	3	16
0	11	1	4	409	18	3	15
0	11	1	5	410	18	3	13
0	11	1	6	411	18	2	12
0	11	1	7	412	18	2	10
0	11	1	8	413	18	2	9
0	11	2	0	414	18	2	1
0	11	2	1	415	18	2	2
0	11	2	2	416	18	2	4
0	11	2	3	417	18	1	5
0	11	2	4	418	18	1	7
0	11	2	5	419	18	1	8
0	11	2	6	420	18	1	1
0	11	2	7	421	18	1	2
0	11	2	8	422	18	1	4
0	11	3	0	423	18	2	13
0	11	3	1	424	18	2	15
0	11	3	2	425	18	2	16
0	11	3	3	426	18	1	9
0	11	3	4	427	18	1	10
0	11	3	5	428	18	1	12
0	11	3	6	429	18	1	13
0	11	3	7	430	18	1	15
0	11	3	8	431	18	1	16
0	12	0	0	432	13	3	8
0	12	0	1	433	13	3	7
0	12	0	2	434	13	3	5
0	12	0	3	435	13	3	4
0	12	0	4	436	13	3	2
0	12	0	5	437	13	3	1
0	12	0	6	438	13	2	8
0	12	0	7	439	13	2	7
0	12	0	8	440	13	2	5
0	12	1	0	441	13	3	12
0	12	1	1	442	13	3	10
0	12	1	2	443	13	3	9
0	12	1	3	444	13	3	16
0	12	1	4	445	13	3	15
0	12	1	5	446	13	3	13
0	12	1	6	447	13	2	12
0	12	1	7	448	13	2	10
0	12	1	8	449	13	2	9
0	12	2	0	450	13	2	1
0	12	2	1	451	13	2	2
0	12	2	2	452	13	2	4
0	12	2	3	453	13	1	5
0	12	2	4	454	13	1	7
0	12	2	5	455	13	1	8
0	12	2	6	456	13	1	1
0	12	2	7	457	13	1	2
0	12	2	8	458	13	1	4
0	12	3	0	459	13	2	13
0	12	3	1	460	13	2	15
0	12	3	2	461	13	2	16
0	12	3	3	462	13	1	9
0	12	3	4	463	13	1	10
0	12	3	5	464	13	1	12
0	12	3	6	465	13	1	13
0	12	3	7	466	13	1	15
0	12	3	8	467	13	1	16
0	13	0	0	468	8	3	8
0	13	0	1	469	8	3	7
0	13	0	2	470	8	3	5
0	13	0	3	471	8	3	4
0	13	0	4	472	8	3	2
0	13	0	5	473	8	3	1
0	13	0	6	474	8	2	8
0	13	0	7	475	8	2	7
0	13	0	8	476	8	2	5
0	13	1	0	477	8	3	12
0	13	1	1	478	8	3	10
0	13	1	2	479	8	3	9
0	13	1	3	480	8	3	16
0	13	1	4	481	8	3	15
0	13	1	5	482	8	3	13
0	13	1	6	483	8	2	12
0	13	1	7	484	8	2	10
0	13	1	8	485	8	2	9
0	13	2	0	486	8	2	1
0	13	2	1	487	8	2	2
0	13	2	2	488	8	2	4
0	13	2	3	489	8	1	5
0	13	2	4	490	8	1	7
0	13	2	5	491	8	1	8
0	13	2	6	492	8	1	1
0	13	2	7	493	8	1	2
0	13	2	8	494	8	1	4
0	13	3	0	495	8	2	13
0	13	3	1	496	8	2	15
0	13	3	2	497	8	2	16
0	13	3	3	498	8	1	9
0	13	3	4	499	8	1	10
0	13	3	5	500	8	1	12
0	13	3	6	501	8	1	13
0	13	3	7	502	8	1	15
0	13	3	8	503	8	1	16
0	14	0	0	504	3	3	8
0	14	0	1	505	3	3	7
0	14	0	2	506	3	3	5
0	14	0	3	507	3	3	4
0	14	0	4	508	3	3	2
0	14	0	5	509	3	3	1
0	14	0	6	510	3	2	8
0	14	0	7	511	3	2	7
0	14	0	8	512	3	2	5
0	14	1	0	513	3	3	12
0	14	1	1	514	3	3	10
0	14	1	2	515	3	3	9
0	14	1	3	516	3	3	16
0	14	1	4	517	3	3	15
0	14	1	5	518	3	3	13
0	14	1	6	519	3	2	12
0	14	1	7	520	3	2	10
0	14	1	8	521	3	2	9
0	14	2	0	522	3	2	1
0	14	2	1	523	3	2	2
0	14	2	2	524	3	2	4
0	14	2	3	525	3	1	5
0	14	2	4	526	3	1	7
0	14	2	5	527	3	1	8
0	14	2	6	528	3	1	1
0	14	2	7	529	3	1	2
0	14	2	8	530	3	1	4
0	14	3	0	531	3	2	13
0	14	3	1	532	3	2	15
0	14	3	2	533	3	2	16
0	14	3	3	534	3	1	9
0	14	3	4	535	3	1	10
0	14	3	5	536	3	1	12
0	14	3	6	537	3	1	13
0	14	3	7	538	3	1	15
0	14	3	8	539	3	1	16
0	15	0	0	540	24	3	8
0	15	0	1	541	24	3	7
0	15	0	2	542	24	3	5
0	15	0	3	543	24	3	4
0	15	0	4	544	24	3	2
0	15	0	5	545	24	3	1
0	15	0	6	546	24	2	8
0	15	0	7	547	24	2	7
0	15	0	8	548	24	2	5
0	15	1	0	549	24	3	12
0	15	1	1	550	24	3	10
0	15	1	2	551	24	3	9
0	15	1	3	552	24	3	16
0	15	1	4	553	24	3	15
0	15	1	5	554	24	3	13
0	15	1	6	555	24	2	12
0	15	1	7	556	24	2	10
0	15	1	8	557	24	2	9
0	15	2	0	558	24	2	1
0	15	2	1	559	24	2	2
0	15	2	2	560	24	2	4
0	15	2	3	561	24	1	5
0	15	2	4	562	24	1	7
0	15	2	5	563	24	1	8
0	15	2	6	564	24	1	1
0	15	2	7	565	24	1	2
0	15	2	8	566	24	1	4
0	15	3	0	567	24	2	13
0	15	3	1	568	24	2	15
0	15	3	2	569	24	2	16
0	15	3	3	570	24	1	9
0	15	3	4	571	24	1	10
0	15	3	5	572	24	1	12
0	15	3	6	573	24	1	13
0	15	3	7	574	24	1	15
0	15	3	8	575	24	1	16
0	16	0	0	576	19	3	8
0	16	0	1	577	19	3	7
0	16	0	2	578	19	3	5
0	16	0	3	579	19	3	4
0	16	0	4	580	19	3	2
0	16	0	5	581	19	3	1
0	16	0	6	582	19	2	8
0	16	0	7	583	19	2	7
0	16	0	8	584	19	2	5
0	16	1	0	585	19	3	12
0	16	1	1	586	19	3	10
0	16	1	2	587	19	3	9
0	16	1	3	588	19	3	16
0	16	1	4	589	19	3	15
0	16	1	5	590	19	3	13
0	16	1	6	591	19	2	12
0	16	1	7	592	19	2	10
0	16	1	8	593	19	2	9
0	16	2	0	594	19	2	1
0	16	2	1	595	19	2	2
0	16	2	2	596	19	2	4
0	16	2	3	597	19	1	5
0	16	2	4	598	19	1	7
0	16	2	5	599	19	1	8
0	16	2	6	600	19	1	1
0	16	2	7	601	19	1	2
0	16	2	8	602	19	1	4
0	16	3	0	603	19	2	13
0	16	3	1	604	19	2	15
0	16	3	2	605	19	2	16
0	16	3	3	606	19	1	9
0	16	3	4	607	19	1	10
0	16	3	5	608	19	1	12
0	16	3	6	609	19	1	13
0	16	3	7	610	19	1	15
0	16	3	8	611	19	1	16
0	17	0	0	612	14	3	8
0	17	0	1	613	14	3	7
0	17	0	2	614	14	3	5
0	17	0	3	615	14	3	4
0	17	0	4	616	14	3	2
0	17	0	5	617	14	3	1
0	17	0	6	618	14	2	8
0	17	0	7	619	14	2	7
0	17	0	8	620	14	2	5
0	17	1	0	621	14	3	12
0	17	1	1	622	14	3	10
0	17	1	2	623	14	3	9
0	17	1	3	624	14	3	16
0	17	1	4	625	14	3	15
0	17	1	5	626	14	3	13
0	17	1	6	627	14	2	12
0	17	1	7	628	14	2	10
0	17	1	8	629	14	2	9
0	17	2	0	630	14	2	1
0	17	2	1	631	14	2	2
0	17	2	2	632	14	2	4
0	17	2	3	633	14	1	5
0	17	2	4	634	14	1	7
0	17	2	5	635	14	1	8
0	17	2	6	636	14	1	1
0	17	2	7	637	14	1	2
0	17	2	8	638	14	1	4
0	17	3	0	639	14	2	13
0	17	3	1	640	14	2	15
0	17	3	2	641	14	2	16
0	17	3	3	642	14	1	9
0	17	3	4	643	14	1	10
0	17	3	5	644	14	1	12
0	17	3	6	645	14	1	13
0	17	3	7	646	14	1	15
0	17	3	8	647	14	1	16
0	18	0	0	648	9	3	8
0	18	0	1	649	9	3	7
0	18	0	2	650	9	3	5
0	18	0	3	651	9	3	4
0	18	0	4	652	9	3	2
0	18	0	5	653	9	3	1
0	18	0	6	654	9	2	8
0	18	0	7	655	9	2	7
0	18	0	8	656	9	2	5
0	18	1	0	657	9	3	12
0	18	1	1	658	9	3	10
0	18	1	2	659	9	3	9
0	18	1	3	660	9	3	16
0	18	1	4	661	9	3	15
0	18	1	5	662	9	3	13
0	18	1	6	663	9	2	12
0	18	1	7	664	9	2	10
0	18	1	8	665	9	2	9
0	18	2	0	666	9	2	1
0	18	2	1	667	9	2	2
0	18	2	2	668	9	2	4
0	18	2	3	669	9	1	5
0	18	2	4	670	9	1	7
0	18	2	5	671	9	1	8
0	18	2	6	672	9	1	1
0	18	2	7	673	9	1	2
0	18	2	8	674	9	1	4
0	18	3	0	675	9	2	13
0	18	3	1	676	9	2	15
0	18	3	2	677	9	2	16
0	18	3	3	678	9	1	9
0	18	3	4	679	9	1	10
0	18	3	5	680	9	1	12
0	18	3	6	681	9	1	13
0	18	3	7	682	9	1	15
0	18	3	8	683	9	1	16
0	19	0	0	684	4	3	8
0	19	0	1	685	4	3	7
0	19	0	2	686	4	3	5
0	19	0	3	687	4	3	4
0	19	0	4	688	4	3	2
0	19	0	5	689	4	3	1
0	19	0	6	690	4	2	8
0	19	0	7	691	4	2	7
0	19	0	8	692	4	2	5
0	19	1	0	693	4	3	12
0	19	1	1	694	4	3	10
0	19	1	2	695	4	3	9
0	19	1	3	696	4	3	16
0	19	1	4	697	4	3	15
0	19	1	5	698	4	3	13
0	19	1	6	699	4	2	12
0	19	1	7	700	4	2	10
0	19	1	8	701	4	2	9
0	19	2	0	702	4	2	1
0	19	2	1	703	4	2	2
0	19	2	2	704	4	2	4
0	19	2	3	705	4	1	5
0	19	2	4	706	4	1	7
0	19	2	5	707	4	1	8
0	19	2	6	708	4	1	1
0	19	2	7	709	4	1	2
0	19	2	8	710	4	1	4
0	19	3	0	711	4	2	13
0	19	3	1	712	4	2	15
0	19	3	2	713	4	2	16
0	19	3	3	714	4	1	9
0	19	3	4	715	4	1	10
0	19	3	5	716	4	1	12
0	19	3	6	717	4	1	13
0	19	3	7	718	4	1	15
0	19	3	8	719	4	1	16
0	20	0	0	720	25	3	8
0	20	0	1	721	25	3	7
0	20	0	2	722	25	3	5
0	20	0	3	723	25	3	4
0	20	0	4	724	25	3	2
0	20	0	5	725	25	3	1
0	20	0	6	726	25	2	8
0	20	0	7	727	25	2	7
0	20	0	8	728	25	2	5
0	20	1	0	729	25	3	12
0	20	1	1	730	25	3	10
0	20	1	2	731	25	3	9
0	20	1	3	732	25	3	16
0	20	1	4	733	25	3	15
0	20	1	5	734	25	3	13
0	20	1	6	735	25	2	12
0	20	1	7	736	25	2	10
0	20	1	8	737	25	2	9
0	20	2	0	738	25	2	1
0	20	2	1	739	25	2	2
0	20	2	2	740	25	2	4
0	20	2	3	741	25	1	5
0	20	2	4	742	25	1	7
0	20	2	5	743	25	1	8
0	20	2	6	744	25	1	1
0	20	2	7	745	25	1	2
0	20	2	8	746	25	1	4
0	20	3	0	747	25	2	13
0	20	3	1	748	25	2	15
0	20	3	2	749	25	2	16
0	20	3	3	750	25	1	9
0	20	3	4	751	25	1	10
0	20	3	5	752	25	1	12
0	20	3	6	753	25	1	13
0	20	3	7	754	25	1	15
0	20	3	8	755	25	1	16
0	21	0	0	756	20	3	8
0	21	0	1	757	20	3	7
0	21	0	2	758	20	3	5
0	21	0	3	759	20	3	4
0	21	0	4	760	20	3	2
0	21	0	5	761	20	3	1
0	21	0	6	762	20	2	8
0	21	0	7	763	20	2	7
0	21	0	8	764	20	2	5
0	21	1	0	765	20	3	12
0	21	1	1	766	20	3	10
0	21	1	2	767	20	3	9
0	21	1	3	768	20	3	16
0	21	1	4	769	20	3	15
0	21	1	5	770	20	3	13
0	21	1	6	771	20	2	12
0	21	1	7	772	20	2	10
0	21	1	8	773	20	2	9
0	21	2	0	774	20	2	1
0	21	2	1	775	20	2	2
0	21	2	2	776	20	2	4
0	21	2	3	777	20	1	5
0	21	2	4	778	20	1	7
0	21	2	5	779	20	1	8
0	21	2	6	780	20	1	1
0	21	2	7	781	20	1	2
0	21	2	8	782	20	1	4
0	21	3	0	783	20	2	13
0	21	3	1	784	20	2	15
0	21	3	2	785	20	2	16
0	21	3	3	786	20	1	9
0	21	3	4	787	20	1	10
0	21	3	5	788	20	1	12
0	21	3	6	789	20	1	13
0	21	3	7	790	20	1	15
0	21	3	8	791	20	1	16
0	22	0	0	792	15	3	8
0	22	0	1	793	15	3	7
0	22	0	2	794	15	3	5
0	22	0	3	795	15	3	4
0	22	0	4	796	15	3	2
0	22	0	5	797	15	3	1
0	22	0	6	798	15	2	8
0	22	0	7	799	15	2	7
0	22	0	8	800	15	2	5
0	22	1	0	801	15	3	12
0	22	1	1	802	15	3	10
0	22	1	2	803	15	3	9
0	22	1	3	804	15	3	16
0	22	1	4	805	15	3	15
0	22	1	5	806	15	3	13
0	22	1	6	807	15	2	12
0	22	1	7	808	15	2	10
0	22	1	8	809	15	2	9
0	22	2	0	810	15	2	1
0	22	2	1	811	15	2	2
0	22	2	2	812	15	2	4
0	22	2	3	813	15	1	5
0	22	2	4	814	15	1	7
0	22	2	5	815	15	1	8
0	22	2	6	816	15	1	1
0	22	2	7	817	15	1	2
0	22	2	8	818	15	1	4
0	22	3	0	819	15	2	13
0	22	3	1	820	15	2	15
0	22	3	2	821	15	2	16
0	22	3	3	822	15	1	9
0	22	3	4	823	15	1	10
0	22	3	5	824	15	1	12
0	22	3	6	825	15	1	13
0	22	3	7	826	15	1	15
0	22	3	8	827	15	1	16
0	23	0	0	828	10	1	16
0	23	0	1	829	10	1	15
0	23	0	2	830	10	1	13
0	23	0	3	831	10	1	12
0	23	0	4	832	10	1	10
0	23	0	5	833	10	1	9
0	23	0	6	834	10	2	16
0	23	0	7	835	10	2	15
0	23	0	8	836	10	2	13
0	23	1	0	837	10	1	4
0	23	1	1	838	10	1	2
0	23	1	2	839	10	1	1
0	23	1	3	840	10	1	8
0	23	1	4	841	10	1	7
0	23	1	5	842	10	1	5
0	23	1	6	843	10	2	4
0	23	1	7	844	10	2	2
0	23	1	8	845	10	2	1
0	23	2	0	846	10	2	9
0	23	2	1	847	10	2	10
0	23	2	2	848	10	2	12
0	23	2	3	849	10	3	13
0	23	2	4	850	10	3	15
0	23	2	5	851	10	3	16
0	23	2	6	852	10	3	9
0	23	2	7	853	10	3	10
0	23	2	8	854	10	3	12
0	23	3	0	855	10	2	5
0	23	3	1	856	10	2	7
0	23	3	2	857	10	2	8
0	23	3	3	858	10	3	1
0	23	3	4	859	10	3	2
0	23	3	5	860	10	3	4
0	23	3	6	861	10	3	5
0	23	3	7	862	10	3	7
0	23	3	8	863	10	3	8
0	24	0	0	864	5	2	8
0	24	0	1	865	5	2	7
0	24	0	2	866	5	2	5
0	24	0	3	867	5	2	4
0	24	0	4	868	5	2	2
0	24	0	5	869	5	2	1
0	24	0	6	870	5	3	8
0	24	0	7	871	5	3	7
0	24	0	8	872	5	3	5
0	24	1	0	873	5	2	12
0	24	1	1	874	5	2	10
0	24	1	2	875	5	2	9
0	24	1	3	876	5	2	16
0	24	1	4	877	5	2	15
0	24	1	5	878	5	2	13
0	24	1	6	879	5	3	12
0	24	1	7	880	5	3	10
0	24	1	8	881	5	3	9
0	24	2	0	882	5	3	1
0	24	2	1	883	5	3	2
0	24	2	2	884	5	3	4
0	24	2	3	885	5	1	5
0	24	2	4	886	5	1	7
0	24	2	5	887	5	1	8
0	24	2	6	888	5	1	1
0	24	2	7	889	5	1	2
0	24	2	8	890	5	1	4
0	24	3	0	891	5	3	13
0	24	3	1	892	5	3	15
0	24	3	2	893	5	3	16
0	24	3	3	894	5	1	9
0	24	3	4	895	5	1	10
0	24	3	5	896	5	1	12
0	24	3	6	897	5	1	13
0	24	3	7	898	5	1	15
0	24	3	8	899	5	1	16
